inherit_from: "configs/rgbd/tum/base_config.yaml"

Dataset:
  dataset_path: "datasets/tum/B1-802"
  Calibration:
    fx: 531.8761667
    fy: 531.8761667
    cx: 318.7342667
    cy: 239.10085
    k1: 0.0
    k2: 0.0
    p1: 0.0
    p2: 0.0
    k3: 0.0
    distorted: False
    width: 640
    height: 480
    depth_scale: 1000.0
