inherit_from: configs/rgbd/tum/base_config.yaml
Dataset:
  dataset_path: datasets/tum/laptoppiano
  Calibration:
    fx: 533.6838
    fy: 533.6838
    cx: 317.8840133333333
    cy: 238.93536666666665
    k1: 0.0
    k2: 0.0
    p1: 0.0
    p2: 0.0
    k3: 0.0
    width: 640
    height: 480
    distorted: false
    depth_scale: 1000.0
